2 1 34
3 1 38
3 2 70
4 1 13
4 2 24
4 3 47
5 1 14
5 2 26
5 3 49
5 4 1.5
6 1 14
6 2 25
6 3 38
6 4 2
6 5 3
7 1 19
7 2 54
7 3 35
7 4 30
7 5 32
7 6 31
8 1 67
8 2 101
8 3 70
8 4 77
8 5 79 
8 6 78
8 7 50
9 1 112
9 2 143
9 3 109
9 4 122
9 5 124
9 6 123
9 7 93
9 8 43
10 1 99
10 2 134
10 3 99
10 4 111
10 5 113 
10 6 112
10 7 80
10 8 29
10 9 52
11 1 102
11 2 146
11 3 102
11 4 122
11 5 124
11 6 123
11 7 84 
11 8 32
11 9 63
11 10 34
12 1 97
12 2 95
12 3 135
12 4 118
12 5 120
12 6 119
12 7 101
12 8 149
12 9 192
12 10 179
12 11 183
13 1 128
13 2 125
13 3 166
13 4 148
13 5 150
13 6 149
13 7 130
13 8 180
13 9 223
13 10 210
13 10 214
13 12 30
14 1 120
14 2 116
14 3 158
14 4 139
14 5 141
14 6 140
14 7 122
14 8 172
14 9 215
14 10 202
14 11 206
14 12 21
14 13 7
15 1 112
15 2 107
15 3 150
15 4 130
15 5 132
15 6 131
15 7  114
15 8 164
15 9 207
15 10 194
15 11 198
15 12 12
15 13  17
15 14 9
